0 0.385547 0.438194 0.500000 0.406944
0 0.415234 0.425694 0.544531 0.574306
0 0.410938 0.425694 0.548828 0.574306
0 0.411328 0.425000 0.548438 0.575000
0 0.385547 0.411111 0.500781 0.434028
0 0.411328 0.425000 0.548438 0.575000
0 0.385156 0.410417 0.504687 0.438194
0 0.385156 0.397917 0.478906 0.429861
0 0.385156 0.440278 0.504297 0.407639
0 0.410938 0.425000 0.548828 0.575000
0 0.402344 0.425000 0.557422 0.575000
0 0.385156 0.438194 0.504297 0.415972
0 0.372266 0.381250 0.454297 0.490278
0 0.155859 0.259722 0.727734 0.706944
0 0.392188 0.390972 0.553125 0.609028
0 0.000000 0.327083 0.477734 0.503472
0 0.329297 0.384028 0.670703 0.615972
0 0.180859 0.208333 0.680469 0.697222
0 0.391016 0.202083 0.588281 0.718750
0 0.000000 0.193750 0.542969 0.598611
0 0.411328 0.425694 0.536719 0.519444
0 0.271094 0.459722 0.563672 0.421528
0 0.217969 0.393750 0.717187 0.529861
0 0.411719 0.426389 0.548047 0.573611
0 0.000000 0.238194 0.949609 0.750000
0 0.178516 0.247222 0.705078 0.719444
0 0.392578 0.416667 0.567187 0.583333
0 0.410938 0.425694 0.548828 0.574306
0 0.262500 0.394444 0.572266 0.486806
0 0.385547 0.438194 0.500000 0.406944
0 0.385547 0.438194 0.500000 0.406944
0 0.415234 0.425694 0.544531 0.574306
0 0.410938 0.425694 0.548828 0.574306
0 0.411328 0.425000 0.548438 0.575000
0 0.385547 0.411111 0.500781 0.434028
0 0.411328 0.425000 0.548438 0.575000
0 0.385156 0.410417 0.504687 0.438194
0 0.385156 0.397917 0.478906 0.429861
0 0.385156 0.440278 0.504297 0.407639
0 0.385547 0.438194 0.500000 0.406944
0 0.415234 0.425694 0.544531 0.574306
0 0.410938 0.425694 0.548828 0.574306
0 0.635547 0.641667 0.500000 0.406944
0 0.687500 0.712847 0.544531 0.574306
0 0.685352 0.712847 0.548828 0.574306
0 0.685547 0.712500 0.548438 0.575000
0 0.635938 0.628125 0.500781 0.434028
0 0.685547 0.712500 0.548438 0.575000
0 0.637500 0.629514 0.504687 0.438194
0 0.624609 0.612847 0.478906 0.429861
0 0.637305 0.644097 0.504297 0.407639
0 0.685352 0.712500 0.548828 0.575000
0 0.681055 0.712500 0.557422 0.575000
0 0.637305 0.646181 0.504297 0.415972
0 0.599414 0.626389 0.454297 0.490278
0 0.519727 0.613194 0.727734 0.706944
0 0.668750 0.695486 0.553125 0.609028
0 0.238867 0.578819 0.477734 0.503472
0 0.664648 0.692014 0.670703 0.615972
0 0.521094 0.556944 0.680469 0.697222
0 0.685156 0.561458 0.588281 0.718750
0 0.271484 0.493056 0.542969 0.598611
0 0.679688 0.685417 0.536719 0.519444
0 0.552930 0.670486 0.563672 0.421528
0 0.576562 0.658681 0.717187 0.529861
0 0.685742 0.713194 0.548047 0.573611
0 0.474805 0.613194 0.949609 0.750000
0 0.531055 0.606944 0.705078 0.719444
0 0.676172 0.708333 0.567187 0.583333
0 0.685352 0.712847 0.548828 0.574306
0 0.548633 0.637847 0.572266 0.486806
